
t;x;y;v_{y};a_{y};p_{y};L;a;v
0,000;-1,491E-2;8,700;;;;0.000;;
0,100;-3,813E-2;8,669;-0,541;;-0,541;3,932E-2;;0,557
0,200;-4,146E-2;8,592;-0,803;-1,833;-0,803;0,116;1,913;0,812
0,300;-1,420E-2;8,508;-0,881;0,955;-0,881;0,204;0,972;0,882
0,400;-3,364E-2;8,416;-0,655;0,759;-0,655;0,298;1,142;0,656
0,499;-1,992E-2;8,377;-0,617;-1,774;-0,617;0,340;1,780;0,617
0,599;-3,902E-2;8,293;-1,078;-1,549;-1,078;0,426;1,549;1,081
0,699;-3,704E-2;8,162;-1,006;1,064;-1,006;0,557;1,414;1,006
0,799;-3,236E-2;8,092;-0,738;1,007;-0,738;0,627;1,047;0,742
0,899;-2,032E-2;8,014;-0,850;-2,407E-2;-0,850;0,705;0,552;0,850
0,999;-3,206E-2;7,922;-0,778;0,460;-0,778;0,798;0,624;0,787
1,099;3,759E-3;7,859;-0,697;1,132;-0,697;0,871;1,287;0,699
1,199;-2,271E-2;7,783;-0,612;-0,427;-0,612;0,951;0,552;0,628
1,298;-2,472E-2;7,737;-0,697;-1,151;-0,697;0,998;1,561;0,699
1,398;-1,336E-2;7,644;-0,930;-0,877;-0,930;1,091;0,890;0,933
1,498;-9,691E-3;7,551;-0,850;2,450;-0,850;1,184;2,490;0,850
1,598;-1,305E-2;7,474;-0,463;1,793;-0,463;1,261;1,886;0,463
1,698;-1,373E-2;7,459;-0,382;-1,631;-0,382;1,277;1,796;0,394
1,798;-3,182E-2;7,398;-0,862;-2,629;-0,862;1,340;2,652;0,864
1,898;-2,411E-4;7,287;-0,967;1,462;-0,967;1,456;1,462;0,972
1,998;-1,355E-2;7,204;-0,533;1,496;-0,533;1,539;1,574;0,535
2,097;-9,753E-3;7,180;-0,562;-0,489;-0,562;1,564;0,492;0,564
2,197;-3,863E-3;7,092;-0,777;-0,701;-0,777;1,652;0,709;0,778
2,297;-1,653E-2;7,025;-0,634;0,713;-0,634;1,720;0,811;0,634
2,397;3,332E-4;6,966;-0,631;-0,713;-0,631;1,782;0,811;0,632
2,497;-2,204E-2;6,899;-0,778;-0,547;-0,778;1,853;0,594;0,778
2,597;-1,594E-3;6,810;-0,780;0,819;-0,780;1,943;0,904;0,781
2,697;-1,426E-2;6,743;-0,583;0,991;-0,583;2,012;1,059;0,583
2,797;-6,678E-3;6,694;-0,561;-0,637;-0,561;2,061;0,685;0,561
2,897;-9,431E-3;6,631;-0,730;-1,235;-0,730;2,125;1,299;0,730
2,996;-8,181E-3;6,548;-0,826;-0,411;-0,826;2,207;0,440;0,827
3,096;-1,663E-2;6,466;-0,800;1,438;-0,800;2,290;1,539;0,803
3,196;-2,002E-2;6,388;-0,563;1,447;-0,563;2,368;1,487;0,568
3,296;-2,099E-3;6,353;-0,440;0,281;-0,440;2,407;0,287;0,444
3,396;-9,281E-3;6,300;-0,560;-2,241;-0,560;2,461;2,581;0,560
3,496;-2,119E-3;6,242;-0,846;-0,353;-0,846;2,520;0,374;0,856
3,596;-3,610E-2;6,131;-0,751;0,583;-0,751;2,635;1,157;0,755
3,696;-1,839E-2;6,092;-0,567;1,423;-0,567;2,678;1,682;0,592
3,795;-2,160E-3;6,018;-0,587;-0,671;-0,587;2,754;0,891;0,592
3,895;-4,066E-3;5,974;-0,609;-0,468;-0,609;2,798;0,641;0,610
3,995;2,248E-3;5,896;-0,755;-0,764;-0,755;2,876;0,765;0,755
4,095;-9,298E-4;5,823;-0,730;-0,553;-0,730;2,949;0,561;0,730
4,195;7,445E-4;5,750;-0,852;5,128E-2;-0,852;3,022;0,423;0,852
4,295;1,360E-3;5,653;-0,781;2,090;-0,781;3,119;2,091;0,784
4,395;1,337E-2;5,594;-0,391;1,142;-0,391;3,179;1,312;0,392
4,495;7,674E-3;5,575;-0,483;-1,223;-0,483;3,199;1,400;0,492
4,595;-5,419E-3;5,498;-0,750;-1,208;-0,750;3,277;1,338;0,757
4,694;-1,345E-2;5,425;-0,682;0,809;-0,682;3,350;1,003;0,682
4,794;-1,647E-3;5,362;-0,586;0,420;-0,586;3,415;0,423;0,588
4,894;-3,977E-3;5,308;-0,583;0,169;-0,583;3,469;0,709;0,583
4,994;-6,731E-3;5,245;-0,581;0,701;-0,581;3,532;0,709;0,585
5,094;-1,876E-2;5,192;-0,435;0,828;-0,435;3,586;0,846;0,440
5,194;-2,025E-2;5,158;-0,389;0,683;-0,389;3,620;0,749;0,389
5,294;-2,215E-2;5,115;-0,340;-1,112;-0,340;3,664;1,113;0,340
5,394;-2,321E-2;5,090;-0,534;-1,250;-0,534;3,688;1,252;0,535
5,493;-2,681E-2;5,008;-0,704;-0,770;-0,704;3,771;0,777;0,705
5,593;-2,936E-2;4,950;-0,608;0,193;-0,608;3,829;0,405;0,608
5,693;-2,726E-2;4,886;-0,683;-0,426;-0,683;3,892;0,467;0,685
5,793;-2,073E-2;4,813;-0,708;0,356;-0,708;3,966;0,405;0,709
5,893;-1,885E-2;4,745;-0,608;-0,918;-0,608;4,034;0,969;0,608
5,993;-2,118E-2;4,692;-0,831;-9,101E-3;-0,831;4,087;0,209;0,835
6,093;-1,790E-3;4,579;-0,758;0,634;-0,758;4,202;0,660;0,763
6,193;-3,484E-3;4,540;-0,535;1,423;-0,535;4,240;1,587;0,535
6,293;-1,598E-3;4,472;-0,583;-0,133;-0,583;4,309;0,197;0,583
6,392;-8,568E-3;4,424;-0,509;-7,857E-2;-0,509;4,357;0,220;0,511
6,492;-1,090E-2;4,370;-0,609;0,196;-0,609;4,411;0,348;0,610
6,592;-4,160E-3;4,302;-0,512;1,459;-0,512;4,479;1,460;0,513
6,692;-5,643E-3;4,268;-0,268;-0,199;-0,268;4,513;0,295;0,269
6,792;-1,639E-3;4,248;-0,511;-0,894;-0,511;4,533;0,928;0,511
6,892;-5,240E-3;4,166;-0,582;-0,124;-0,582;4,616;0,375;0,584
6,992;-1,157E-2;4,132;-0,411;1,030;-0,411;4,650;1,080;0,416
7,092;-1,854E-2;4,084;-0,438;-0,583;-0,438;4,699;0,837;0,438
7,191;-1,054E-2;4,045;-0,490;-0,145;-0,490;4,739;0,197;0,496
7,291;-3,374E-3;3,986;-0,512;0,366;-0,512;4,798;0,543;0,513
7,391;-5,281E-3;3,942;-0,389;0,544;-0,389;4,842;0,622;0,389
7,491;-6,764E-3;3,908;-0,393;-0,151;-0,393;4,876;0,311;0,401
7,591;1,074E-2;3,864;-0,441;-0,163;-0,441;4,924;0,573;0,448
7,691;8,830E-3;3,820;-0,419;-0,975;-0,419;4,968;1,852;0,438
7,791;3,625E-2;3,780;-0,603;-0,172;-0,603;5,016;0,860;0,615
7,891;-1,587E-2;3,700;-0,550;7,555E-2;-0,550;5,112;0,156;0,592
7,990;-7,440E-3;3,670;-0,463;0,846;-0,463;5,143;1,601;0,463
8,090;-1,505E-2;3,607;-0,486;0,405;-0,486;5,206;0,501;0,486
8,190;-1,168E-2;3,573;-0,320;0,897;-0,320;5,240;0,915;0,331
8,290;1,608E-3;3,544;-0,318;-0,601;-0,318;5,273;0,837;0,320
8,390;-4,727E-3;3,510;-0,435;-0,544;-0,435;5,307;0,622;0,440
8,490;-1,191E-2;3,457;-0,461;9,374E-2;-0,461;5,361;0,561;0,462
8,590;-8,752E-3;3,418;-0,383;-1,145;-0,383;5,400;1,350;0,408
8,690;-3,956E-2;3,380;-0,658;-0,523;-0,658;5,449;0,966;0,658
8,790;-4,768E-3;3,286;-0,616;0,486;-0,616;5,549;0,487;0,638
8,889;-6,039E-3;3,257;-0,411;1,501;-0,411;5,578;1,755;0,416
8,989;-1,807E-2;3,204;-0,413;-0,505;-0,413;5,632;0,641;0,413
9,089;-9,640E-3;3,175;-0,440;0,547;-0,440;5,663;0,594;0,444
9,189;-7,330E-3;3,116;-0,390;-0,269;-0,390;5,721;0,348;0,390
9,289;-8,177E-3;3,097;-0,390;-0,287;-0,390;5,741;0,348;0,390
9,389;-5,867E-3;3,038;-0,538;-0,710;-0,538;5,799;0,778;0,540
9,489;1,718E-3;2,989;-0,490;0,701;-0,490;5,849;0,709;0,496
9,589;9,303E-3;2,940;-0,415;0,643;-0,415;5,898;0,752;0,416
9,688;7,820E-3;2,906;-0,340;0,846;-0,340;5,932;0,880;0,340
9,788;6,337E-3;2,873;-0,267;-5,734E-2;-0,267;5,966;0,287;0,267
9,888;5,490E-3;2,853;-0,314;-0,631;-0,314;5,986;0,641;0,320
9,988;-6,120E-3;2,810;-0,437;-6,067E-3;-0,437;6,030;0,139;0,438
10,088;1,677E-3;2,766;-0,317;0,624;-0,317;6,075;0,709;0,317
10,188;-4,022E-3;2,747;-0,266;-0,156;-0,266;6,095;0,259;0,266
10,288;2,820E-3;2,713;-0,381;-0,557;-0,381;6,130;0,582;0,381
10,388;-2,879E-3;2,670;-0,384;0,199;-0,384;6,172;0,304;0,388
10,487;-8,243E-3;2,636;-0,327;0,379;-0,327;6,207;0,420;0,329
10,587;-9,588E-3;2,605;-0,308;-0,130;-0,308;6,238;0,455;0,309
10,687;-1,093E-2;2,574;-0,349;0,213;-0,349;6,269;0,276;0,352
10,787;-1,062E-3;2,535;-0,292;0,398;-0,292;6,309;0,475;0,295
10,887;-1,903E-3;2,516;-0,230;2,167E-2;-0,230;6,328;0,497;0,232
10,987;-6,931E-3;2,489;-0,307;-0,336;-0,307;6,356;0,349;0,311
11,087;-1,229E-2;2,455;-0,308;-0,331;-0,308;6,391;0,331;0,309
11,187;-9,620E-3;2,428;-0,346;-0,559;-0,346;6,418;0,576;0,348
11,287;-1,917E-2;2,386;-0,443;-0,185;-0,443;6,461;0,472;0,444
11,386;-1,349E-2;2,339;-0,390;0,424;-0,390;6,508;0,587;0,398
11,486;-3,280E-3;2,308;-0,331;0,170;-0,331;6,541;0,199;0,337
11,586;-9,429E-4;2,273;-0,369;-0,153;-0,369;6,576;0,322;0,371
11,686;5,077E-3;2,234;-0,368;-0,367;-0,368;6,615;0,587;0,369
11,786;3,564E-3;2,200;-0,422;-0,441;-0,422;6,650;0,441;0,426
11,886;-6,323E-3;2,150;-0,483;0,484;-0,483;6,700;0,568;0,483
11,986;3,212E-3;2,103;-0,330;0,930;-0,330;6,748;0,953;0,333
12,086;2,371E-3;2,084;-0,251;0,417;-0,251;6,767;0,815;0,252
12,185;4,877E-3;2,053;-0,287;-6,237E-2;-0,287;6,798;0,175;0,295
12,285;-1,170E-2;2,027;-0,251;0,372;-0,251;6,829;0,509;0,251
12,385;2,691E-3;2,003;-0,215;0,386;-0,215;6,857;0,386;0,226
12,485;1,850E-3;1,984;-0,172;-3,107E-2;-0,172;6,876;0,555;0,178
12,585;-6,523E-3;1,969;-0,210;-0,506;-0,210;6,894;0,544;0,216
12,685;-7,700E-3;1,942;-0,290;-0,633;-0,290;6,921;0,859;0,290
12,785;-5,194E-3;1,911;-0,331;-6,958E-2;-0,331;6,952;0,336;0,337
12,885;4,844E-3;1,875;-0,313;0,228;-0,313;6,988;0,276;0,323
12,984;1,137E-2;1,848;-0,272;0,240;-0,272;7,016;0,494;0,273
13,084;1,019E-2;1,821;-0,270;0,120;-0,270;7,043;0,247;0,270
13,184;9,015E-3;1,794;-0,251;0,175;-0,251;7,070;0,276;0,251
13,284;8,006E-3;1,771;-0,230;-0,120;-0,230;7,093;0,247;0,235
13,384;-7,037E-4;1,748;-0,271;9,343E-2;-0,271;7,118;0,402;0,271
13,484;9,503E-3;1,717;-0,235;0,211;-0,235;7,151;0,312;0,244
13,584;1,268E-2;1,701;-0,194;1,445E-2;-0,194;7,167;0,331;0,197
13,684;1,552E-2;1,678;-0,251;-0,268;-0,251;7,190;0,322;0,252
13,784;1,435E-2;1,651;-0,251;-4,551E-2;-0,251;7,217;0,228;0,251
13,883;1,334E-2;1,628;-0,250;-0,163;-0,250;7,240;0,175;0,252
13,983;8,310E-3;1,601;-0,288;-0,393;-0,288;7,267;0,420;0,290
14,083;6,965E-3;1,571;-0,329;-0,484;-0,329;7,298;0,568;0,329
14,183;9,303E-3;1,536;-0,383;;-0,383;7,333;;0,390
