t;x;y;v_{y};v_{x};a_{y};p_{y};L;p;v;a
0,000;-2,652E-2;8,807;;;;;0.000;;;
0,266;-1,650E-2;8,650;-0,588;1,881E-2;;-0,588;0,157;0,588;0,588;
0,533;-1,650E-2;8,494;-0,735;1,634E-2;-0,298;-0,735;0,314;0,735;0,735;0,304
0,799;-7,794E-3;8,259;-0,801;-2,948E-15;-5,258E-2;-0,801;0,549;0,801;0,801;8,764E-2
1,065;-1,650E-2;8,067;-0,719;3,268E-2;-7,011E-2;-0,719;0,740;0,720;0,720;7,011E-2
1,332;9,613E-3;7,876;-0,833;3,268E-2;-9,671E-2;-0,833;0,934;0,834;0,834;0,143
1,598;9,096E-4;7,623;-0,821;-4,899E-2;8,313E-2;-0,821;1,186;0,823;0,823;0,109
1,864;-1,648E-2;7,438;-0,731;-8,138E-3;0,206;-0,731;1,372;0,731;0,731;0,211
2,131;-3,426E-3;7,234;-0,743;0.000;-3,472E-2;-0,743;1,577;0,743;0,743;7,817E-2
2,397;-1,648E-2;7,042;-0,735;0.000;5,258E-2;-0,735;1,769;0,735;0,735;5,542E-2
2,663;-3,426E-3;6,842;-0,727;1,634E-2;2,629E-2;-0,727;1,970;0,727;0,727;4,382E-2
2,930;-7,777E-3;6,655;-0,711;0.000;0,131;-0,711;2,157;0,711;0,711;0,142
3,196;-3,426E-3;6,463;-0,670;0.000;3,505E-2;-0,670;2,348;0,670;0,670;3,919E-2
3,463;-7,777E-3;6,298;-0,670;0.000;7,011E-2;-0,670;2,514;0,670;0,670;7,838E-2
3,729;-3,426E-3;6,106;-0,662;-8,169E-3;-2,629E-2;-0,662;2,705;0,662;0,662;3,718E-2
3,995;-1,213E-2;5,945;-0,654;0.000;0.000;-0,654;2,867;0,654;0,654;1,753E-2
4,262;-3,426E-3;5,758;-0,686;0.000;3,505E-2;-0,686;3,054;0,686;0,686;4,957E-2
4,528;-1,213E-2;5,580;-0,629;0.000;0,184;-0,629;3,232;0,629;0,629;0,187
4,794;-3,426E-3;5,423;-0,580;0.000;4,381E-2;-0,580;3,389;0,580;0,580;4,719E-2
5,061;-1,213E-2;5,271;-0,605;-8,169E-3;-1,753E-2;-0,605;3,542;0,605;0,605;1,960E-2
5,327;-7,777E-3;5,101;-0,605;1,634E-2;7,011E-2;-0,605;3,712;0,605;0,605;7,838E-2
5,593;-3,426E-3;4,949;-0,556;8,170E-3;8,763E-2;-0,556;3,864;0,556;0,556;9,149E-2
5,860;-3,426E-3;4,805;-0,556;0.000;-3,505E-2;-0,556;4,008;0,556;0,556;3,919E-2
6,126;-3,426E-3;4,653;-0,580;1,634E-2;-6,134E-2;-0,580;4,160;0,580;0,580;8,079E-2
6,392;5,278E-3;4,496;-0,588;-1,634E-2;8,763E-2;-0,588;4,317;0,588;0,588;8,937E-2
6,659;-1,213E-2;4,340;-0,539;-1,634E-2;0,140;-0,539;4,475;0,539;0,539;0,150
6,925;-3,426E-3;4,209;-0,498;3,268E-2;4,382E-2;-0,498;4,605;0,499;0,499;0,114
7,191;5,278E-3;4,074;-0,523;3,268E-2;-3,505E-2;-0,523;4,741;0,524;0,524;0,128
7,458;1,398E-2;3,931;-0,523;-2,451E-2;5,258E-2;-0,523;4,884;0,523;0,523;9,479E-2
7,724;-7,777E-3;3,796;-0,490;-3,268E-2;0,105;-0,490;5,021;0,491;0,491;0,107
7,990;-3,426E-3;3,670;-0,466;-8,169E-3;2,629E-2;-0,466;5,147;0,466;0,466;8,313E-2
8,257;-1,213E-2;3,548;-0,474;-8,169E-3;7,010E-2;-0,474;5,270;0,474;0,474;8,267E-2
8,523;-7,777E-3;3,417;-0,441;2,451E-2;5,258E-2;-0,441;5,400;0,442;0,442;8,079E-2
8,790;9,261E-4;3,313;-0,425;2,451E-2;-4,427E-14;-0,425;5,505;0,426;0,426;0,131
9,056;5,278E-3;3,191;-0,457;-4,085E-2;1,753E-2;-0,457;5,627;0,459;0,459;3,160E-2
9,322;-2,083E-2;3,069;-0,417;-1,634E-2;9,640E-2;-0,417;5,751;0,417;0,417;0,130
9,589;-3,426E-3;2,969;-0,392;4,085E-2;5,258E-2;-0,392;5,853;0,394;0,394;5,879E-2
9,855;9,261E-4;2,860;-0,400;-1,634E-2;-7,887E-2;-0,400;5,962;0,401;0,401;9,479E-2
10,121;-1,213E-2;2,756;-0,425;0.000;1,753E-2;-0,425;6,067;0,425;0,425;5,542E-2
10,388;9,261E-4;2,634;-0,408;3,268E-2;0,105;-0,408;6,190;0,410;0,410;0,118
10,654;5,278E-3;2,538;-0,351;1,634E-2;0,167;-0,351;6,286;0,352;0,352;0,197
10,920;9,630E-3;2,447;-0,327;-1,634E-2;-5,258E-2;-0,327;6,377;0,327;0,327;0,102
11,187;-3,426E-3;2,364;-0,368;-4,085E-2;-6,134E-2;-0,368;6,461;0,370;0,370;6,674E-2
11,453;-1,213E-2;2,251;-0,384;0.000;2,629E-2;-0,384;6,574;0,384;0,384;9,149E-2
11,719;-3,426E-3;2,159;-0,335;1,634E-2;0,149;-0,335;6,666;0,335;0,335;0,153
11,986;-3,426E-3;2,072;-0,310;8,169E-3;1,753E-2;-0,310;6,753;0,311;0,311;6,380E-2
12,252;9,261E-4;1,994;-0,319;-8,169E-3;-2,629E-2;-0,319;6,832;0,319;0,319;2,771E-2
12,518;-7,777E-3;1,903;-0,335;0.000;7,886E-2;-0,335;6,923;0,335;0,335;0,106
12,785;9,261E-4;1,816;-0,278;-2,451E-2;0,193;-0,278;7,011;0,279;0,279;0,198
13,051;-2,083E-2;1,755;-0,221;-8,169E-3;-2,629E-2;-0,221;7,076;0,221;0,221;5,110E-2
13,317;-3,426E-3;1,698;-0,286;3,268E-2;-6,134E-2;-0,286;7,135;0,288;0,288;8,080E-2
13,584;-3,426E-3;1,602;-0,286;0.000;6,135E-2;-0,286;7,230;0,286;0,286;8,080E-2
13,850;-3,426E-3;1,546;-0,221;8,169E-3;0,149;-0,221;7,287;0,221;0,221;0,155
14,116;9,261E-4;1,485;-0,221;-1,634E-2;-1,095;-0,221;7,348;0,221;0,221;1,098
14,383;-1,213E-2;1,428;-0,727;2,451E-2;-1,779;-0,727;7,406;0,727;0,727;1,780
14,649;1,398E-2;1,098;-1,307;4,901E-2;;-1,307;7,738;1,308;1,308;
14,916;1,398E-2;0,732;;;;;8,103;;;
-0,506;0,507;0,446
7,591;0,312;3,870;-9,802E-2;-0,140;-0,523;-0,491;0,532;3,882;5,296;-9,802E-2;-0,523;0,532;0,510
7,724;0,303;3,796;-3,267E-2;0,491;-0,637;-0,386;0,638;3,808;5,371;-3,267E-2;-0,637;0,638;0,624
7,857;0,303;3,700;3,267E-2;0,210;-0,653;0,841;0,654;3,713;5,466;3,267E-2;-0,653;0,654;0,867
7,990;0,312;3,622;3,267E-2;0.000;-0,408;1,016;0,410;3,635;5,545;3,267E-2;-0,408;0,410;1,016
8,124;0,312;3,591;1,634E-2;-3,505E-2;-0,327;7,009E-2;0,327;3,605;5,576;1,634E-2;-0,327;0,327;7,837E-2
8,257;0,316;3,535;3,267E-2;0.000;-0,441;-1,577;0,442;3,549;5,632;3,267E-2;-0,441;0,442;1,577
8,390;0,321;3,474;1,634E-2;-0,245;-0,702;-0,175;0,703;3,489;5,693;1,634E-2;-0,702;0,703;0,301
8,523;0,321;3,348;-3,267E-2;-0,210;-0,604;1,297;0,605;3,363;5,820;-3,267E-2;-0,604;0,605;1,314
8,656;0,312;3,313;-4,901E-2;-0,315;-0,229;1,192;0,234;3,328;5,855;-4,901E-2;-0,229;0,234;1,233
8,790;0,308;3,287;-9,802E-2;-0,210;-0,310;-0,876;0,326;3,301;5,882;-9,802E-2;-0,310;0,326;0,901
8,923;0,286;3,230;-0,131;0,631;-0,490;-0,561;0,507;3,243;5,943;-0,131;-0,490;0,507;0,844
9,056;0,273;3,156;6,535E-2;0,350;-0,474;-0,526;0,478;3,168;6,018;6,535E-2;-0,474;0,478;0,632
9,189;0,303;3,104;3,267E-2;1,682;-0,572;0,456;0,573;3,119;6,078;3,267E-2;-0,572;0,573;1,743
9,322;0,282;3,004;0,359;0,491;-0,457;0,140;0,582;3,017;6,181;0,359;-0,457;0,582;0,510
9,455;0,399;2,982;0,408;-0,806;-0,392;0,701;0,566;3,009;6,300;0,408;-0,392;0,566;1,068
9,589;0,390;2,900;-6,535E-2;-2,033;-0,408;0,526;0,414;2,926;6,383;-6,535E-2;-0,408;0,414;2,100
9,722;0,382;2,873;-6,535E-2;-0,561;-0,163;-7,010E-2;0,176;2,899;6,411;-6,535E-2;-0,163;0,176;0,565
9,855;0,373;2,856;-0,196;-0,140;-0,408;-1,016;0,453;2,880;6,430;-0,196;-0,408;0,453;1,026
9,988;0,329;2,765;-0,163;0,280;-0,539;0,386;0,563;2,784;6,531;-0,163;-0,539;0,563;0,477
10,121;0,329;2,712;-4,901E-2;0,596;-0,245;1,227;0,250;2,732;6,584;-4,901E-2;-0,245;0,250;1,364
10,254;0,316;2,699;-4,901E-2;0,105;-0,180;-1,157;0,186;2,718;6,602;-4,901E-2;-0,180;0,186;1,161
10,388;0,316;2,665;0.000;0,280;-0,555;-0,491;0,555;2,683;6,637;0.000;-0,555;0,555;0,565
10,521;0,316;2,551;1,634E-2;0,315;-0,441;0,456;0,441;2,571;6,750;1,634E-2;-0,441;0,441;0,554
10,654;0,321;2,547;8,168E-2;0,105;-0,245;0,386;0,258;2,567;6,756;8,168E-2;-0,245;0,258;0,400
10,787;0,338;2,486;6,535E-2;-0,140;-0,457;-0,561;0,462;2,509;6,819;6,535E-2;-0,457;0,462;0,578
10,920;0,338;2,425;1,634E-2;-0,315;-0,376;0,386;0,376;2,449;6,880;1,634E-2;-0,376;0,376;0,498
11,053;0,343;2,386;0.000;0,350;-0,327;0,280;0,327;2,411;6,920;0.000;-0,327;0,327;0,449
11,187;0,338;2,338;8,168E-2;-0,105;-0,327;0,210;0,337;2,363;6,968;8,168E-2;-0,327;0,337;0,235
11,320;0,364;2,299;3,267E-2;-0,140;-0,261;7,010E-2;0,263;2,328;7,015;3,267E-2;-0,261;0,263;0,157
11,453;0,347;2,269;-3,267E-2;-7,010E-2;-0,294;-0,491;0,296;2,295;7,050;-3,267E-2;-0,294;0,296;0,496
11,586;0,356;2,221;6,535E-2;0.000;-0,408;-0,315;0,414;2,249;7,099;6,535E-2;-0,408;0,414;0,315
11,719;0,364;2,160;-3,267E-2;-0,491;-0,392;0,350;0,393;2,190;7,160;-3,267E-2;-0,392;0,393;0,603
11,853;0,347;2,116;-9,802E-2;-0,280;-0,294;0,210;0,310;2,145;7,207;-9,802E-2;-0,294;0,310;0,350
11,986;0,338;2,082;-8,168E-2;-3,505E-2;-0,327;-0,140;0,337;2,109;7,243;-8,168E-2;-0,327;0,337;0,145
12,119;0,325;2,029;-0,114;0,105;-0,359;-0,491;0,377;2,055;7,297;-0,114;-0,359;0,377;0,502
12,252;0,308;1,986;-6,535E-2;0,421;-0,425;0,421;0,430;2,010;7,344;-6,535E-2;-0,425;0,430;0,595
12,385;0,308;1,916;1,634E-2;-1,917;-0,310;0,599;0,311;1,941;7,413;1,634E-2;-0,310;0,311;2,008
12,518;0,312;1,903;-0,504;-1,746;-0,179;0,155;0,535;1,929;7,427;-0,504;-0,179;0,535;1,753
12,652;0,174;1,868;-0,659;0,749;-0,315;-0,304;0,730;1,877;7,570;-0,659;-0,315;0,730;0,808
12,785;0,137;1,819;-0,139;2,628;-0,277;0,162;0,310;1,824;7,631;-0,139;-0,277;0,310;2,633
12,918;0,137;1,795;2,310E-2;0,644;-0,231;-9,913E-2;0,232;1,800;7,656;2,310E-2;-0,231;0,232;0,652
13,051;0,143;1,758;2,310E-2;4,957E-2;-0,323;-0,297;0,324;1,764;7,693;2,310E-2;-0,323;0,324;0,301
13,184;0,143;1,709;2,311E-2;4,957E-2;-0,323;4,957E-2;0,324;1,714;7,743;2,311E-2;-0,323;0,324;7,010E-2
13,317;0,149;1,672;4,621E-2;0.000;-0,289;0,322;0,292;1,678;7,780;4,621E-2;-0,289;0,292;0,322
13,451;0,155;1,632;2,310E-2;0.000;-0,254;0.000;0,255;1,639;7,820;2,310E-2;-0,254;0,255;0.000
13,584;0,155;1,604;3,465E-2;0,124;-0,266;0,173;0,268;1,611;7,848;3,465E-2;-0,266;0,268;0,213
13,717;0,164;1,561;6,931E-2;9,912E-2;-0,243;0,322;0,252;1,569;7,892;6,931E-2;-0,243;0,252;0,337
13,850;0,174;1,539;5,775E-2;-0,124;-0,150;-2,478E-2;0,161;1,549;7,916;5,775E-2;-0,150;0,161;0,126
13,983;0,180;1,521;3,465E-2;4,412E-3;-0,243;-1,465;0,245;1,531;7,935;3,465E-2;-0,243;0,245;1,465
14,116;0,183;1,475;5,301E-2;-0,909;-0,544;-1,249;0,546;1,486;7,981;5,301E-2;-0,544;0,546;1,545
14,250;0,194;1,376;-0,162;0,174;-0,632;-0,398;0,653;1,390;8,081;-0,162;-0,632;0,653;0,434
14,383;0,140;1,306;-2,911E-2;0,509;-0,582;-0,784;0,583;1,314;8,169;-2,911E-2;-0,582;0,583;0,935
14,516;0,186;1,221;0,146;0,312;-0,844;-4,121;0,856;1,235;8,266;0,146;-0,844;0,856;4,133
14,649;0,178;1,081;-5,821E-2;-0,749;-1,644;-0,843;1,645;1,096;8,406;-5,821E-2;-1,644;1,645;1,128
